10000000000000000000000002
0                        0
0                        0
0                        0
0                        0
0                        0
0           55           0
0          5555          0
0         55  55         0
0        55    55        0
0       55      55       0
0      55        55      0
0     55          55     0
0      55        55      0
0       55      55       0
0        55    55        0
0         55  55         0
0          5555          0
0           55           0
0                        0
0                        0
0                        0
0                        0
0                        0
0                        0
30000000000000000000000004
